Выгрузка: 'ЧЗО' охватывает 6,370 квадратных километров
Координаты GeoJSON: [29.851,50.89],[30.711,51.098],[30.717,51.421],[30.403,51.517],[30.027,51.575],[29.57,51.578],[29.304,51.484],[29.108,51.228],[29.322,51.031]
Формат: OSM XML 7z (xz)

KML: 29.851,50.89 30.711,51.098 30.717,51.421 30.403,51.517 30.027,51.575 29.57,51.578 29.304,51.484 29.108,51.228 29.322,51.031

set-geo-bounds 29.1080,51.5500,30.7170,51.0300
set-print-bounds-view 29.1080,51.5500,30.7170,51.0300
set-print-bounds-geo 29.1080,51.5500,30.7170,51.0300

generate-tiles minzoom=8 maxzoom=12